100
101 867
121 485
1 485
1 109
112 268
9 121
106 215
4 9
7 302
484 742
21 566
384 742
65 221
1 104
10 856
3 5
99 581
648 672
233 335
343 400
17 241
753 880
3 4
171 551
4 4
1 101
4 10
384 484
3 9
758 812
120 302
1 584
646 750
15 858
121 484
100 1000
366 700
9 302
1 742
461 753
39 369
1 6
163 343
461 824
21 302
121 742
1 65
7 742
121 122
4 109
65 121
429 680
8 65
1 2
344 647
288 790
3 10
54 163
303 742
9 485
1 9
483 742
7 584
122 483
3 484
384 485
634 923
1 221
1 1000
148 972
126 377
366 495
1 121
9 65
471 606
619 970
3 65
9 122
1 10
21 484
1 4
21 121
21 584
509 790
484 584
10 120
1 5
21 742
120 122
3 302
4 65
3 109
122 1000
3 104
15 770
8 584
8 122
735 776
202 851
8 221
